"","score","PA","AB","R","H","X1B","X2B","X3B","HR","RBI","BB","IBB","uBB","SO","HBP","SH","SF","GDP","SB","CS","avg","obp","slg","OPS","OBA","rpG","rpGS","rpIP","rpH","rpR","rpER","rpuBB","rpBB","rpSO","rpHR","rpHBP","rpAB","rpX1B","rpX2B","rpX3B","rpIBB","rpGDP","rpSF","rpSB","rpCS","rpPO","rpBF","rpPit","rpfip","rpera","rpwhip","rpkperc","spG.1","spGS.1","spIP.1","spH.1","spR.1","spER.1","spuBB.1","spBB.1","spSO.1","spHR.1","spHBP.1","spERA.1","spAB.1","spX1B.1","spX2B.1","spX3B.1","spIBB.1","spGDP.1","spSF.1","spSB.1","spCS.1","spPO.1","spBF.1","spPit.1","spStr.1","spStL.1","spStS.1","spGB.FB.1","spLD.1","spPU.1","spWHIP.1","spBAbip.1","spSO9.1","spSO.W.1","spSO_perc.1","spuBB_perc.1","spSO_uBB.1","spfip.1","rpslg","spslg.1"
"score",1,0.0160412070194699,0.0109334072573427,0.0459044575013596,0.0182100927672726,-0.00441983171117032,0.0267935041528457,-0.010166744166667,0.0474625999362717,0.0457767980103295,0.032707637938959,-0.00935407001837507,0.0361556794528592,0.0095865644238174,0.00810613887507107,-0.0178796326068671,0.00852551907254808,-0.00784890104240671,-0.00648986181953459,-0.0140444003415016,0.0197543948164526,0.03167758226586,0.0449638584757813,0.0429427516486133,0.043369071526762,0.0575070336812482,NA,0.0727877002229732,0.0885559950662685,0.0929808409498715,0.0926371150196653,0.0805071238840344,0.0828388966744654,0.0447397695885182,0.0749243965653914,0.036823945245876,0.0779616308799967,0.0776134163802096,0.0693546176537579,0.0190402468375058,0.0395564020184908,0.0567180238860777,0.0417844805853062,0.0320733025601712,0.0225705121885716,0.0243909523651757,0.0814795829303042,0.0798185999412197,0.0684971147671339,0.0687911605183242,0.0612956760474714,-0.0310919173359708,0.0168122722894551,0.00624150682672417,-0.0183436630812043,0.0322819649620016,0.0471904485266975,0.0431131713646377,0.0346215644871863,0.0376529421199419,-0.0645161995787565,0.0371585817676678,0.00424226404651656,0.0367978598008088,-0.00757974947267682,0.0128967564146687,0.0384418223475905,0.0258934253290937,0.0254918120782778,0.0117049272587628,0.0320002624295475,-0.00130814585265111,0.0166983948124041,0.00702848942390071,-0.00106290545644613,-0.00484428313400779,-0.0613809104205377,-0.0226395939236048,-0.0710372233302486,-0.0296346526164806,0.0198333062012301,-0.00677176086658295,0.0519933100146606,0.0222841264667929,-0.0809266174617234,-0.0604662075397037,-0.0928457823642738,0.0320515827331536,NA,0.0507588792345036,0.0658083856016677,0.0664851319683231
"PA",0.0160412070194699,1,0.97785122947482,0.600830926885682,0.779408259931204,0.672641205143175,0.475960255792048,0.169791250546974,0.345132193407778,0.594313784795883,0.564546784914891,0.27978139596518,0.536264915928748,0.52431205234991,0.211522664714412,0.171222683596487,0.250794700343685,0.243126900799683,0.216981380676309,0.125832765105829,0.23875037806849,0.300404024441139,0.189326331685998,0.240887961428756,0.246616906304966,0.217204475788997,NA,0.198228795093067,0.173263829452141,0.151792893983028,0.149347701958804,0.152396143288038,0.158993326092698,0.172350933694436,0.132860845522835,0.0622166540995891,0.200294925879823,0.166899138832856,0.100287674554365,0.0610658865722948,0.0852066257292788,0.0823845394845823,0.0692741921062531,0.0756317379615099,0.0376043786982378,0.0194038089670214,0.199814792661138,0.189987205357777,0.0496906741886059,0.0459882392978688,0.0298508679227684,0.00925295126240351,0.10580680486821,0.0875713636118934,0.0713254468475683,0.0681199547482138,0.0632673977674548,0.0653701858253653,0.0544059003525464,0.0565754697078977,0.058163539267034,0.0519303894245844,0.0109208557728568,0.0107976544526037,0.0753054100655187,0.0591189178872266,0.041875356714712,0.0022967099595675,0.0231821993088892,0.0135642024458061,0.0172349711513442,0.03351065404292,0.0341521091325521,0.0227022790191919,0.0777065832422526,0.079711361243151,-0.0110245854664423,0.0143276987990368,-0.00498834690132798,-0.0108236632577346,-0.00409193808243352,-0.00285717938989758,0.00483402653890801,0.00337969136675137,0.0164216554826749,-0.0207148541071073,0.0107259227190448,0.0082426622012983,NA,0.00344144133945155,0.039057551758378,0.00351569511315039
"AB",0.0109334072573427,0.97785122947482,1,0.546636116694311,0.787189500474383,0.700300889427915,0.460738638646832,0.178242851367053,0.314332067646162,0.540904212873067,0.39322776124634,0.223634898248093,0.367806416690593,0.513377946129348,0.143309976568777,0.120776235068003,0.190605402932225,0.234753181136373,0.191970112199216,0.120662495717083,0.227926944660243,0.19142154284028,0.15356215791305,0.176596391834637,0.174960622446062,0.192305417794326,NA,0.172430867798204,0.150167527209915,0.12627330183531,0.124009793926156,0.118853417095502,0.125207830879888,0.148693170148596,0.110296793048163,0.0470614001231255,0.174586492246704,0.147213548051615,0.0833136101224154,0.0560689420128664,0.0721732001878588,0.0688208033335089,0.0544040733151298,0.0654231788185793,0.0355470470398109,0.017828701065708,0.17197733351758,0.161573219269167,0.0309083552511561,0.0313550330112313,0.0140515678105226,0.00425647293137447,0.089725331554982,0.0723670360797256,0.0616065140668747,0.0606127700783438,0.0527352607102462,0.0559030937133523,0.0383188946251968,0.0398063112230126,0.0484639610229072,0.0457772820723218,0.00294554250701835,0.00743626332755145,0.0657143744706637,0.054265350646149,0.0340269883047045,0.00092085871623955,0.0160631477364252,0.00966608848962368,0.0161337387480161,0.0228181592037927,0.02911309302341,0.0156169313301127,0.0662713079310495,0.0668244812014199,-0.0024355396691653,0.0143912567653431,-0.00442592522286097,-0.0077299860761936,-0.00134510320365205,-0.00237200032837012,0.000785897967171765,0.00261972705569219,0.00978448900832943,-0.0146668636898136,0.00652303789158074,-0.00168166073629649,NA,0.0000202483122457631,0.0273892505291041,0.0020733529406428
"R",0.0459044575013596,0.600830926885682,0.546636116694311,1,0.791854448505786,0.533772642501403,0.566992288591005,0.172692300916453,0.643105464282948,0.990101574414674,0.488663387350252,0.180083573432017,0.4765377924586,0.186162975874023,0.180090950209432,0.0300421916351291,0.33243842172345,0.0833527448084819,0.16457648863679,-0.00966108276213369,0.691850319737121,0.739309548857173,0.772915491296445,0.808229301759143,0.807614372412977,0.22168838830193,NA,0.226212329759965,0.219126231600406,0.200332985162197,0.19642477153235,0.174798874215921,0.177251953297574,0.206639977221507,0.176327903115203,0.0801383749881427,0.235250221306628,0.204930742712116,0.14378417009783,0.0503929649445328,0.0735400103290987,0.110501720175834,0.0846700955515983,0.101320824497699,0.000171624775479938,0.0116649553247325,0.23378788922629,0.22691772480777,0.0784137927414058,0.0923804781748342,0.0708779462183839,0.0130754421676062,0.120245191609687,0.107531388935221,0.0797400927574806,0.092004156118241,0.0942101307310238,0.0953656839947987,0.0824459167102612,0.0826171119415459,0.0605844297926951,0.0820865099196564,0.0269642195558528,0.0280176714693766,0.0895642909119169,0.0698893488948141,0.0707217011264351,0.00213768123596409,0.0148540816355252,0.0218879523881034,0.00865514819935904,0.0244749882172365,0.0150948227486036,0.0393000469903407,0.0936998259082249,0.0980255103309366,-0.026761286469653,-0.0122340289027232,-0.00181642209802693,-0.0193809355211704,-0.0276436715073317,0.00648163507516161,0.0244545308566984,0.0117884411963809,0.0126248051855008,-0.0297301165935226,0.000501137440483501,0.0277970977704551,NA,0.0249986020739542,0.0867312716758468,0.0346962091407798
"H",0.0182100927672726,0.779408259931204,0.787189500474383,0.791854448505786,1,0.881310234649525,0.616004992083216,0.249821177413276,0.379097424878373,0.786147075970502,0.318909648405557,0.229413290786018,0.288733045108618,0.196140484038451,0.118728198893709,0.132337088783183,0.311179390809795,0.258453505305375,0.182179006897026,0.0788482047169943,0.776656721403757,0.66493881846588,0.583234399384924,0.648388740334084,0.647995016904952,0.153364747668029,NA,0.149129736083873,0.156575290201682,0.131740076624471,0.127652233075194,0.103601748049091,0.108118825942912,0.126696773616393,0.10296856806457,0.0300582950699557,0.158733699417734,0.155025712721834,0.0971524500025724,0.0441026256750187,0.0580773364486173,0.0698808096269656,0.0573176014826943,0.0781875735405628,0.00111231400152108,0.01555089015472,0.155772040724209,0.144081475804464,0.0324692584907818,0.0554284911938583,0.0483430938943138,-0.0123657608372325,0.0745020290035874,0.0598155566383196,0.0487734200251832,0.06169777651424,0.0579859694929465,0.0600497785918529,0.0316810190175566,0.0328309555571523,0.0298057644339248,0.0429683654942199,0.00722012380247772,0.0172915298179903,0.0557417581150743,0.053877600669015,0.0398385782540713,0.00388656956936736,0.0127612788073713,0.00367591407495391,0.0119842319122546,0.0178345568573501,0.0247044618924746,0.0240294203239761,0.0563375128745119,0.054954997725581,-0.00310912831565694,-0.00402276463048794,-0.0138367698629739,-0.00702231641862827,-0.0100133778853377,-0.000408822927202599,0.0120167912438934,0.0119898622477543,-0.00530569452610177,-0.0133620972352156,-0.0109172320446996,-0.00365340488869355,NA,0.00917647364518812,0.0548459668875821,0.0169444316326311
"X1B",-0.00441983171117032,0.672641205143175,0.700300889427915,0.533772642501403,0.881310234649525,1,0.300799871710745,0.177017199410622,0.0404454228604379,0.523170306271116,0.170174107282702,0.195777709628516,0.139474465679775,0.0918034265829996,0.0711693153003647,0.19941551230908,0.276495006856012,0.316576199175998,0.194383994865724,0.115999632137399,0.677677522295426,0.517410519605184,0.242212386401082,0.356045786500943,0.368773938157186,0.0670713662315905,NA,0.0497293458945459,0.0689568290618907,0.05316037805531,0.0481018119772141,0.0284262815718897,0.0342149709267981,0.0327050990786672,0.0181925602704769,-0.0161336631668615,0.0579482090858991,0.0805862285768315,0.0315510283909374,0.0246166168920243,0.0374565150810576,0.028458802654612,0.0309662726016647,0.0428047603070541,-0.0114899485151129,0.00369683298345499,0.0558790238410591,0.0435096517810133,-0.00876631037100808,0.0226625867478081,0.0286614706068871,-0.028857932498218,0.0169067052629865,0.00794175209074683,0.0124811655998435,0.0190213579852782,0.00917110458522887,0.0119521768444407,-0.00948442828965348,-0.00742730059452762,-0.00216822997856675,-0.0057415095111734,-0.0105624191612697,0.00252134879203866,0.0141642559498617,0.0278631344750978,0.0032354593055577,-0.00727483839725586,0.0118028066936383,-0.00869909465554529,0.00975489076508687,0.0164925827876978,0.0276820409200849,0.0115067674812267,0.0125754504651189,0.00753568112002998,0.00689254484537257,-0.00249714417988848,-0.0208098082598889,0.00672845229921734,0.0042412583013585,-0.0136073394813569,0.000151772445548723,0.00875879658504304,-0.0188308020444651,0.0012830649820684,-0.0169067467956284,-0.0224556337660392,NA,-0.00598674905479991,0.0155593203894311,-0.00606064106624021
"X2B",0.0267935041528457,0.475960255792048,0.460738638646832,0.566992288591005,0.616004992083216,0.300799871710745,1,0.113936747098884,0.191753907134971,0.565218284502952,0.291177819193112,0.213368486592143,0.262848395029283,0.109462174510897,0.0676368436843635,0.0415859660255061,0.202435444081834,0.085082136462336,0.0854867154897306,0.00596650302565362,0.503804173791471,0.483227876543538,0.498108126899413,0.523303767109897,0.513130625652658,0.0979055355712944,NA,0.111363075793181,0.115206738678922,0.0947893062767473,0.0924669450988976,0.0690187257740202,0.0708158428774986,0.09358098667392,0.0770967622563176,0.0178811527916013,0.118104245073636,0.101789450517931,0.1038591196134,0.0309329331700358,0.0329565129637536,0.0366532578636237,0.0350055054473106,0.054460059364149,0.00923799953288829,0.0249931829357287,0.114227171616315,0.108349939524585,0.0254272229965506,0.0408050021397013,0.0285758397080537,-0.00819453600521157,0.0664367226901451,0.0553707486875954,0.0393149636075269,0.0547964090658844,0.057534740512902,0.0599215277905653,0.0354464558218716,0.0352235471626148,0.0295567878935894,0.0413103884339223,0.016615917746409,0.0166004815380935,0.0473862762882781,0.0402818080415976,0.0463701748765954,0.0186787627635644,0.00445722745065346,0.00694661247242999,-0.00262175438148206,0.0102136986907409,0.0152731033903024,0.0315402322604802,0.0486124763982203,0.0490478223134447,-0.00186024320353088,0.00463012331158891,-0.00117343730467593,-0.0102186269592411,-0.012422514949196,0.0140488104559607,0.00978494041418528,0.0158760545184464,0.0100571421693223,-0.0194817752747779,0.000195573433720847,0.00748472149898454,NA,0.00210151144598621,0.0504686555894474,0.0191414535515218
"X3B",-0.010166744166667,0.169791250546974,0.178242851367053,0.172692300916453,0.249821177413276,0.177017199410622,0.113936747098884,1,-0.0742517822207831,0.166919812241746,0.0137068182892839,0.110090760549097,-0.00753387178923353,0.0186362614830411,0.017886997200555,0.122236190311513,0.117087277176828,-0.013304048416999,0.131338851450804,0.121353852795341,0.209976762295685,0.146276610908231,0.179592975809555,0.178624161448304,0.161043023542971,0.0113920032768913,NA,-0.00872316968967126,0.00399721577477528,0.00117276178541121,-0.00237903707872452,0.00549050269478358,0.00969970270023852,-0.0285336260025681,-0.0242287462832201,-0.00937121720768024,-0.00627819544004078,0.00925447767751419,-0.0120735229803185,0.0845583098921957,0.0218577825612865,0.00364075872474313,0.00661888886559858,0.0309450663223351,-0.0122714832594577,0.00717281674793243,-0.00355058114926588,-0.0105733842193997,-0.00438984258832077,-0.00459668974163505,0.0161977246302026,-0.0378397735555265,-0.0136388900618136,-0.0186890719789418,-0.0153908931368719,-0.0102261339206385,-0.0022725817009395,0.000638303032782529,-0.00487019187767051,-0.00176467782026114,-0.0163790024120713,-0.0165839519616144,-0.015004382377483,0.00569806104951151,-0.0162481492334781,-0.00741886244949572,-0.0120227523272509,0.0328780286535271,0.0193925041929851,-0.00577918379572134,0.0104310302662215,0.00565937963908726,-0.00833496265127209,0.0071112112841077,-0.0144166490165688,-0.0172733001750264,-0.000945814423634352,-0.00678140779908308,-0.0110666563239756,0.0210065285389511,0.00156299527673583,-0.0198338398739644,-0.000282909887254593,-0.00485372870591559,-0.00431838199594353,-0.007050543854375,-0.00443717427093505,0.00351080706698398,NA,-0.00324004972012656,0.00132983246752283,-0.00453286044233273
"HR",0.0474625999362717,0.345132193407778,0.314332067646162,0.643105464282948,0.379097424878373,0.0404454228604379,0.191753907134971,-0.0742517822207831,1,0.654822737238753,0.324606095593005,0.00671910995061596,0.339017146547039,0.304922676383281,0.14082511361297,-0.14921524562806,0.0869370968922563,-0.0220087069124547,-0.0180774355610053,-0.0779201103364656,0.278707226460272,0.354536535906764,0.75473946053207,0.65708639083071,0.640270639761744,0.238175921611069,NA,0.260513831318844,0.227944773470357,0.207331338444783,0.210171463390497,0.201779597992251,0.198871137285163,0.254184223848498,0.227297439385041,0.127137923610389,0.263868560157205,0.20568531068011,0.13997821630242,0.0237999013715077,0.0577361854448748,0.123115078426633,0.0748087758517124,0.0857442862224627,0.0273871279774427,0.0136207463836898,0.262400659283712,0.263235374327078,0.106505589912268,0.0872230018678049,0.053952324736356,0.0539413348149676,0.141918771622934,0.128830904006443,0.0960654070260914,0.104536051995771,0.111455442510805,0.107731477842589,0.0949215670902386,0.0927261918993578,0.0801873761758972,0.121295936818713,0.0386495399145754,0.0321926209396558,0.106911187102564,0.0701728678353463,0.0805821872568157,0.000161604014419826,0.00153658386596639,0.0291966580180122,0.014946023838312,0.00520203667518708,-0.000841005724078514,0.0152780366287519,0.11103851623004,0.119770890304322,-0.0258661987138258,-0.00996371660555184,0.0114489786062481,-0.0371893958403434,-0.0318688573190079,0.0250148975158271,0.0298438426854078,0.00263484741529804,0.0207794407926335,-0.0249981986849057,0.00758198317620392,0.0357824408041052,NA,0.0453215842646593,0.0908804366415769,0.0537650617454604
"RBI",0.0457767980103295,0.594313784795883,0.540904212873067,0.990101574414674,0.786147075970502,0.523170306271116,0.565218284502952,0.166919812241746,0.654822737238753,1,0.483389898204645,0.174418840086677,0.472135622821739,0.182258619514031,0.175817170984829,0.0260680135414087,0.331057857389897,0.0743746932115097,0.143500635864057,-0.0156051877360024,0.689093318035959,0.735035296337155,0.780418560523761,0.811956619401386,0.810616140382153,0.223961795059673,NA,0.22893389129277,0.221241343597456,0.200828190395781,0.198034154305458,0.175795181232772,0.17824506180861,0.208261750771173,0.179118326152875,0.0827843943588426,0.23770051997883,0.206698905148542,0.145419310597539,0.0486724400530546,0.0738778938394827,0.113807216378826,0.0834157621986861,0.100131222095983,-0.000191811652669497,0.0095991071623039,0.236154592501673,0.229145517010985,0.0803832793397764,0.0926400837131755,0.0703548789704632,0.0128022242399842,0.122921526324854,0.109830415836075,0.0816645835891074,0.0944576023310432,0.0969042917785157,0.0980864223296377,0.0827382283492633,0.0827294131053217,0.0609988983068528,0.0850233927781445,0.0278279393488681,0.0288087981427762,0.0917828874742477,0.0707941173093415,0.0738930770907978,0.00352195099937272,0.0137316677515007,0.0244439068240931,0.00697934853368561,0.0218199050024342,0.013990760449179,0.0384810950929243,0.0957561885357149,0.0999782515606526,-0.0266089169366166,-0.010916675467412,-0.00330506812106417,-0.0189842931362967,-0.0260863433109648,0.00592060775250627,0.0247489132416717,0.0111046899384726,0.0109622550528069,-0.0317953217337694,-0.00131659073903822,0.0273556324905828,NA,0.0266005916026235,0.0877556462363209,0.0368197511238439
"BB",0.032707637938959,0.564546784914891,0.39322776124634,0.488663387350252,0.318909648405557,0.170174107282702,0.291177819193112,0.0137068182892839,0.324606095593005,0.483389898204645,1,0.333061826962928,0.982242152566529,0.332476799545956,0.171532508966386,0.0977928704930905,0.202142702859637,0.15794142818805,0.179825632246115,0.0571367197548889,0.10706596709052,0.538547145573916,0.224345801587132,0.351111594700628,0.384554684438379,0.215139615954856,NA,0.214941566373009,0.183756675502757,0.17690236819778,0.175155354034501,0.211716768603518,0.212368515199855,0.196704364878075,0.16643777439235,0.0892456429465855,0.214581924839665,0.166992484776994,0.117880048706086,0.0414922288814123,0.0780993496644419,0.0982741287155892,0.0858430744506657,0.0766805277909925,0.0297477801032983,0.0118413089508136,0.220280129071627,0.219810350376317,0.0958115201349853,0.0721007713951306,0.0636254472323503,0.0359468669875986,0.123490756156068,0.106500861712679,0.0717012254204208,0.0657121409020144,0.0762418176414275,0.0732486937056591,0.0932850521923583,0.094885930326631,0.0687972479766947,0.0593203495544198,0.0365128338492095,0.0235333792817423,0.074603631818536,0.0475213578817581,0.0563916592036982,-0.00144272936302315,0.0259618876975721,0.0215064964686093,0.0101155906816263,0.0564479317268083,0.0348807612670709,0.0362739169995103,0.0826339997115892,0.0913346168854338,-0.0451064391432924,0.00581075031439844,0.00196123713126408,-0.0264914523019868,-0.0155686410309139,0.00549226879686999,0.0241330822135003,0.00814970525728285,0.0390724274595534,-0.034528849854684,0.0248752457093355,0.0496564589769203,NA,0.023209628930446,0.0602720529464479,0.0163805129025224
"IBB",-0.00935407001837507,0.27978139596518,0.223634898248093,0.180083573432017,0.229413290786018,0.195777709628516,0.213368486592143,0.110090760549097,0.00671910995061596,0.174418840086677,0.333061826962928,1,0.150241820076762,0.137297415061622,0.075966625385511,0.261298823862904,0.0703892561362344,0.0373205509928694,0.177005232799788,0.114593199075515,0.139070669554414,0.248427388192186,0.0739905929042279,0.141267078696235,0.113686337031795,0.0840901395687527,NA,0.0658151456830148,0.07151790772248,0.0629222407043464,0.0683030231624765,0.0690758131034646,0.0897261725686104,0.0541967910506504,0.0339504018910202,0.0330542122051449,0.06983739407748,0.0705041714088666,0.0508993286883805,0.0400174954958959,0.122165362085423,-0.00806975068776778,0.0266905985790543,0.014820896180992,-0.00637364920205723,0.00900701034518764,0.0754114077236332,0.067785885372531,0.0243939514187503,0.0348540397305951,0.0547458879165497,-0.00728860757343682,0.0307866594106008,0.0327847726363897,0.0233091065421012,0.0260543178191684,0.0240162299225731,0.018115169464157,0.0132719236508317,0.0226861290151261,0.013330687109145,0.00396955959595293,0.0174437736497167,0.00884993711473514,0.0227188181833198,0.0265838013398888,0.0126191450868805,0.0245731678057539,0.0634597515690686,0.0163279433283506,0.0119498974320184,0.0442854469474213,0.0359114286071889,0.0226161123331508,0.0267613415380969,0.0207334108311514,0.011837602316678,0.0118354274668349,-0.0209539936503222,0.0254728661494133,0.0148924619760015,-0.0317922186044348,0.0127060737789186,0.0208840563857337,-0.00529823377650287,-0.00776941223156275,-0.00911265252935549,-0.00165379736580757,NA,0.00119421038547915,0.0246391649899947,0.0128038835910044
"uBB",0.0361556794528592,0.536264915928748,0.367806416690593,0.4765377924586,0.288733045108618,0.139474465679775,0.262848395029283,-0.00753387178923353,0.339017146547039,0.472135622821739,0.982242152566529,0.150241820076762,1,0.32128745044737,0.164738567533523,0.0505444346834552,0.197943565841161,0.158177854009636,0.15332954108679,0.0371071096626463,0.0845881509473349,0.515242689887774,0.220507242673435,0.340036421254623,0.380589943369308,0.208844836241413,NA,0.212273504516624,0.178440977826957,0.172964489906628,0.17006206212455,0.208243456380936,0.204817849814844,0.195463339365308,0.167756980048918,0.0869982557334733,0.211096075362413,0.16106519713197,0.113471047179644,0.0355425807728078,0.0575800293073831,0.104647524997995,0.0846968349462423,0.0774515870570173,0.0324591875774211,0.0106235816305881,0.215961616047492,0.216986359409134,0.0956058746813859,0.0686634878099804,0.0558189451138958,0.0391410750558955,0.123355937143823,0.105144210380841,0.0705417486379115,0.0637158711262241,0.075161921929944,0.0731977715672799,0.095169878631581,0.0949752001086477,0.0694823753415806,0.0614083733534918,0.0348132937239137,0.0229141376470145,0.0737024175207725,0.044537220978692,0.0566165206331842,-0.00640224785768742,0.014594298588917,0.0193009617224838,0.00822857102048465,0.0503746182374648,0.0294273809970452,0.0335336031769631,0.0813179981787637,0.0916401459316013,-0.0496501675564025,0.00373766176459497,0.0062257737245619,-0.032845210139978,-0.0192872171563576,0.0120846814946765,0.02277564741408,0.0043896090188348,0.042022228548129,-0.034658045702338,0.0278952680916866,0.0523945724369823,NA,0.0240980038160464,0.0582934462284277,0.014627506319687
"SO",0.0095865644238174,0.52431205234991,0.513377946129348,0.186162975874023,0.196140484038451,0.0918034265829996,0.109462174510897,0.0186362614830411,0.304922676383281,0.182258619514031,0.332476799545956,0.137297415061622,0.32128745044737,1,0.106289647011427,0.0584725237507768,-0.036535996445151,-0.0627265140334063,0.139424304119976,0.0908567710545402,-0.208608971594061,-0.104167436328348,-0.02633956647867,-0.0559468773315071,-0.0582798348709274,0.230497096015298,NA,0.211578625334493,0.159985160002448,0.148455289460323,0.148199941156179,0.167522421508257,0.168854307873435,0.219311706745229,0.15013340270896,0.0931669636183318,0.207509981569741,0.146271188248058,0.0958087184693591,0.0359055065551731,0.0656577930042773,0.0680454023640975,0.0506102280223733,0.0820711965388407,0.0270269728819876,0.0038884993892733,0.207918714257895,0.207414751869022,0.0436927863028619,0.0360077456841823,0.00761253787572957,0.0839258822812251,0.10324692690469,0.0808637767761103,0.0627072228926061,0.0549513259729236,0.0487114705123748,0.0508731488483557,0.047594560374538,0.0507837297777976,0.0650443088237029,0.0521037238075378,0.0253178068882184,0.0228738428982132,0.0638625332792626,0.0455680744160529,0.0335749811770199,-0.00839327765211775,0.0286804479227629,0.0329088922080847,0.00491737754060508,0.0331271875483713,0.0140878797760148,0.00526320064119033,0.0662549833745994,0.0710816840462291,-0.0224461037499514,0.0223544637150997,0.0186594240026454,0.00672394141612626,-0.0074746196072014,-0.0196758127204748,0.020701198842487,0.016985441345584,0.0300283576146749,-0.017897311735409,0.0239571539804571,0.0185537379722006,NA,0.0118716897384532,0.0237226129787334,0.0155651383316305
"HBP",0.00810613887507107,0.211522664714412,0.143309976568777,0.180090950209432,0.118728198893709,0.0711693153003647,0.0676368436843635,0.017886997200555,0.14082511361297,0.175817170984829,0.171532508966386,0.075966625385511,0.164738567533523,0.106289647011427,1,0.0343417788519901,0.0534674513898765,0.00640911167529139,0.0580093840752466,0.0415687983311115,0.0419034474258119,0.217716427661129,0.0902611865556429,0.141637868861038,0.163393853923075,0.0856104855612781,NA,0.0936116030534401,0.0855856165506903,0.0909221142790059,0.0901823696729658,0.0922907162940148,0.097852790536759,0.0827229272176282,0.0883984883558416,0.0865928258779101,0.0951250323633447,0.074526444185024,0.0536901077512233,0.0214520546995595,0.0590131177704482,0.0565781553068293,0.0367076614417297,0.0467941501734884,0.00581844056706805,0.00199659044675617,0.100182213374365,0.0969470333783878,0.0635112693117503,0.0456827178948494,0.0436119973916742,0.0028432899381604,0.0547881523621771,0.0573194700638598,0.0465331125194979,0.0461162411655759,0.0542974056666904,0.0536722646369079,0.048247186308946,0.0510657025043037,0.0410777721444507,0.0471009517539736,0.023046996776144,0.00659954858644,0.0498501013262952,0.0343791279544221,0.0290329066013484,0.0128399266979141,0.0263777809682437,0.0127811488754559,0.0174973258846425,0.0218624078330379,0.00810117080646372,0.0151063080219622,0.0538630240383684,0.0591807426568343,-0.0147527710814989,-0.0321535187602724,0.0148493955510966,-0.01778356943133,-0.0052856108901938,0.00560780117368139,-0.0000146959286712719,-0.00376770081966238,0.0152430643812884,-0.00841742838321222,0.00986736607819723,0.0139000133152371,NA,0.00388201659558886,0.0411349452987581,0.00926066194376728
"SH",-0.0178796326068671,0.171222683596487,0.120776235068003,0.0300421916351291,0.132337088783183,0.19941551230908,0.0415859660255061,0.122236190311513,-0.14921524562806,0.0260680135414087,0.0977928704930905,0.261298823862904,0.0505444346834552,0.0584725237507768,0.0343417788519901,1,0.0574634105839096,0.0418144739494428,0.13102229394993,0.147662292148872,0.0868235630739013,0.10025244334972,-0.0658651060731981,-0.0101577146422809,-0.00971754571327896,-0.00805710860732169,NA,-0.0457566056575336,-0.0297830549557304,-0.017575206664368,-0.0178151127108327,-0.00404258692612498,0.00750654558289576,-0.0564995237607552,-0.0606770020670827,-0.0135905514851203,-0.0468001575845854,-0.0253146938352454,-0.00782212354662509,0.0397564581881703,0.0532028468333126,-0.0135543599967701,0.00579200559099313,-0.0214488250225916,-0.0133670991997777,0.018004091777683,-0.0383774910676168,-0.0440338331844027,-0.0134779545737974,0.00864767417706131,0.032450831268212,-0.0265043899778288,-0.0162325260741757,-0.00728611742513818,0.00694719417047691,-0.0162713743339065,-0.0340612053158915,-0.0351437893370592,-0.0112289919697935,-0.00075422532942519,-0.00300603857252176,-0.0622103785751126,0.0088162469759927,-0.0238667680249706,-0.00315635854618535,0.00255759346716675,-0.0198208328928758,0.035134533277677,0.0662763738539051,0.0103194844601143,0.000586157012398169,0.0200499160905787,0.0268451603463438,0.0147007199819988,0.000157935665851397,-0.0117612397639469,0.0137484012604149,0.0361875355501689,-0.0414053689796067,0.0608608031714274,0.018027877680275,-0.0572917372027713,-0.0136670533801204,0.00214399458881168,-0.0160114366516075,-0.00592735561154136,-0.00887019473525635,-0.0163254283750446,NA,-0.0335318140476117,-0.0051104393788899,-0.0415231215565931
"SF",0.00852551907254808,0.250794700343685,0.190605402932225,0.33243842172345,0.311179390809795,0.276495006856012,0.202435444081834,0.117087277176828,0.0869370968922563,0.331057857389897,0.202142702859637,0.0703892561362344,0.197943565841161,-0.036535996445151,0.0534674513898765,0.0574634105839096,1,0.0778814049621674,0.114165952872023,0.00919997632235474,0.300597730959328,0.281036105316586,0.215945755720679,0.252599829354455,0.23834535333148,0.0360876743785937,NA,0.0308743012489285,0.0466946913983642,0.0482675608480148,0.0470040986212711,0.0410292870302933,0.0442340980894316,0.0179239655542644,0.0246221629740406,-0.0091751241123972,0.0366249081728824,0.0459919708474882,0.0333653752301157,0.0185078807264358,0.02969855470781,0.00480691864167596,0.0619127944370635,0.0336460991985033,0.0187615428608492,0.0116104119310864,0.0394078529501749,0.0346617029965361,0.0275361104978544,0.039160597186248,0.0411453439386253,-0.022288856884538,0.00890853213339977,0.00656418954747424,0.00767581436157693,0.00680758487368695,0.0142552712383298,0.0134479863496758,0.00670169753088569,0.00645062962855203,-0.00291111845638055,0.0027514627204527,-0.0109248394977679,0.00500756056700079,0.00956473606356026,0.00708240063047443,0.00563830746207928,-0.00799816444019649,-0.000516528516534325,-0.00589587861037503,0.00480609058936285,0.0106951823786452,0.00267991241018442,0.0120825719885718,0.00920687549061952,0.00952632491859582,0.00520486822471013,0.0135372602907466,-0.0167139044681652,-0.0104671311185725,-0.00601778999509033,0.00488537735673797,-0.00188129113446051,-0.00835337707711059,-0.003739225098232,-0.00794102813315858,-0.0048004182083312,-0.0036255086967696,NA,-0.00233206453938892,0.0318564506252351,-0.00655255345280588
"GDP",-0.00784890104240671,0.243126900799683,0.234753181136373,0.0833527448084819,0.258453505305375,0.316576199175998,0.085082136462336,-0.013304048416999,-0.0220087069124547,0.0743746932115097,0.15794142818805,0.0373205509928694,0.158177854009636,-0.0627265140334063,0.00640911167529139,0.0418144739494428,0.0778814049621674,1,-0.0232672196052534,0.00175979853545971,0.169151263368021,0.176039510068822,0.0118705438266539,0.0716444030513697,0.0861128417086943,0.0306698506002515,NA,0.038941293957104,0.0427114216401161,0.0341548356463743,0.027128716959851,0.0410406009588551,0.0431524444638935,0.0155464817535043,0.0116024126511485,0.0181549366493686,0.0389538034518233,0.0512396151811025,0.017633193743641,0.00830082457748306,0.0245320857637469,0.0814058649158291,0.0128875735064867,0.0233962268965871,0.0112013782223423,0.0107772506712595,0.0408126281094661,0.0367077909228979,0.00897465517158778,0.00745319365667851,0.023552133370485,-0.0285823160434608,0.0139522504400591,0.00761323007634917,0.00670438809289357,0.00368859226544247,0.00525006668725888,0.00662369360976316,-0.00235785883854614,-0.000567400755098515,0.00902065357785859,0.0111005331724874,-0.0014029267329655,0.00285321564006104,0.00675165146207515,-0.00143936283116197,0.00691182617200901,-0.00096339004456084,0.0112555834881197,-0.00613078660385357,-0.00303389440741276,0.0186736811189072,0.0179311471532719,0.00666325386461927,0.00608511834366975,0.00908110519997818,-0.00288663348259815,-0.0222009507550174,0.00984574923581325,-0.0381481267752826,0.0187141983598331,0.0116493193369317,-0.00052949704706832,-0.00291070549374158,0.00767037360388235,0.0123433625728843,0.00677518839343328,-0.00359628448130821,NA,0.00597737251541662,0.00573673372527243,0.00173643460531142
"SB",-0.00648986181953459,0.216981380676309,0.191970112199216,0.16457648863679,0.182179006897026,0.194383994865724,0.0854867154897306,0.131338851450804,-0.0180774355610053,0.143500635864057,0.179825632246115,0.177005232799788,0.15332954108679,0.139424304119976,0.0580093840752466,0.13102229394993,0.114165952872023,-0.0232672196052534,1,0.267881508428514,0.0921419343588504,0.134791599237593,0.0131503502122316,0.0577069541654797,0.0607251403613007,0.0394519410672037,NA,0.036922589770357,0.0293374826402368,0.0306605476376151,0.0253279591380007,0.0281741311042744,0.0340319953447696,0.0415176324261086,0.00301234383696128,0.0126623635821835,0.0370743467045417,0.0287247945726636,0.0251983732225312,0.0364372187903919,0.0376944164603481,0.0058521061432131,0.00327500133689136,0.0748525876921923,0.000319787361766986,0.00371952115762279,0.0374012434787714,0.0378534599902027,-0.0161437750626103,0.00396497987542977,0.00451882799308539,0.0186196096854013,0.0138883842717692,0.000629129045511321,-0.00402960763944978,0.00695591801005092,0.0112404142443574,0.00766037669174058,0.0106751601662843,0.0134894885882939,-0.00640395947494973,-0.00784777839746182,0.0162196518520005,0.0141765794657305,-0.000660913448533597,0.0126520483650896,0.00211439782753131,-0.0105000678491645,0.020088842842368,-0.0146297644879982,0.00133822845508485,0.0260102898404465,0.0203698087260416,0.0217491215266423,0.00187426865438221,-0.0012244233719534,-0.00961078183622792,0.0153509352291578,-0.0159996125385466,0.0226900270069473,-0.000477529905024208,-0.0175468734825676,0.0178678102292417,0.00994757958480464,-0.00187767483169073,-0.0172105856537366,-0.0101676777001509,0.0141281980895183,NA,0.00890699602863778,-0.00498900614435789,-0.000588692430603344
"CS",-0.0140444003415016,0.125832765105829,0.120662495717083,-0.00966108276213369,0.0788482047169943,0.115999632137399,0.00596650302565362,0.121353852795341,-0.0779201103364656,-0.0156051877360024,0.0571367197548889,0.114593199075515,0.0371071096626463,0.0908567710545402,0.0415687983311115,0.147662292148872,0.00919997632235474,0.00175979853545971,0.267881508428514,1,0.00207558194028598,0.00974273396746464,-0.0685546557939027,-0.0445980666506511,-0.0434729056653891,-0.0394258490517866,NA,-0.0513114259535894,-0.0498439650714954,-0.0363250058616101,-0.0404923357186754,-0.0206621089771775,-0.0162269794727885,-0.0486708990683035,-0.0438974631690871,-0.0486068570722939,-0.0533009711073433,-0.0500609237003259,-0.0303626083990163,0.0249038334807887,0.0136601073087822,-0.0378504601825172,-0.0152748099516115,-0.0131945819522087,0.0191620558189403,0.000693343108270528,-0.0503301829462197,-0.051298499435245,-0.0132112948000446,-0.015814102586722,-0.00769783650711111,-0.0036734526665519,-0.0128412452381019,-0.00971959564247356,-0.00270099251338212,-0.00392057341415955,-0.0176314389061889,-0.0175646986107541,-0.0102687511764724,-0.00905658742599477,-0.0122468844007398,-0.0241630166117259,-0.00862196991358883,-0.0158380769688326,-0.00526478720093129,0.00661474507895804,-0.0110209205693653,0.0063915665168395,0.00617484217859288,0.0000760806863334886,0.0104657119288059,0.00953023492426635,0.0169529211985602,0.00294281968088104,-0.00552971979335892,-0.00953286548710439,-0.00298677400700689,0.0243429347878842,-0.0121942081299604,0.00558224242323387,0.0182217208935513,0.000578037128834476,-0.00670830391186052,0.000123357182897782,-0.0224639909765869,0.00549038506524267,-0.0166664848184807,-0.00541602926351568,NA,-0.0124603107208888,-0.0156721721763202,-0.0155646167663396
"avg",0.0197543948164526,0.23875037806849,0.227926944660243,0.691850319737121,0.776656721403757,0.677677522295426,0.503804173791471,0.209976762295685,0.278707226460272,0.689093318035959,0.10706596709052,0.139070669554414,0.0845881509473349,-0.208608971594061,0.0419034474258119,0.0868235630739013,0.300597730959328,0.169151263368021,0.0921419343588504,0.00207558194028598,1,0.86124199376601,0.769168840746085,0.84945528340651,0.850293718869635,0.0464993381550383,NA,0.0593585514100022,0.0933347449833126,0.0785873108552023,0.0741056046660718,0.0415038401406674,0.0423722059588499,0.0485071734854575,0.0488824718010315,-0.00151040303316319,0.0722702401982154,0.0940478935761302,0.0681069330821094,0.0126484576594554,0.0188137293891092,0.0379634713697124,0.0387286355695204,0.0560158580113679,-0.0332317582412879,0.00597729151352799,0.0702380025596553,0.0626204514640675,0.0185369671382817,0.054787616324968,0.0606998446210835,-0.023396458153911,0.0261639650405546,0.0204130991287454,0.0135497479397602,0.03578223537295,0.0379283011181892,0.0377565853653593,0.0114876345913622,0.0117957724193151,-0.00372659069873059,0.0213240600929507,0.00735424195645398,0.0202805306118221,0.0204700805628556,0.0297424920767314,0.0283836825428341,0.00605814398821859,0.00391922428726731,-0.00251835269786734,0.00236213180456623,0.00452072614119934,0.00866631666453341,0.0211073915811364,0.0209338849185089,0.0181153375585708,-0.00368047752381795,-0.0197174364167907,-0.0195937007158347,-0.00347916173936834,-0.0116775664382154,0.00023932711736056,0.0193592840597569,0.0168949701114959,-0.0200396789628585,-0.00722380819552312,-0.0257188835828503,-0.00332270989941055,NA,0.0158287635167711,0.0575851165033242,0.0261703579139951
"obp",0.03167758226586,0.300404024441139,0.19142154284028,0.739309548857173,0.66493881846588,0.517410519605184,0.483227876543538,0.146276610908231,0.354536535906764,0.735035296337155,0.538547145573916,0.248427388192186,0.515242689887774,-0.104167436328348,0.217716427661129,0.10025244334972,0.281036105316586,0.176039510068822,0.134791599237593,0.00974273396746464,0.86124199376601,1,0.749537160640183,0.885586914913431,0.908219958372581,0.11877730146083,NA,0.135773701550777,0.152556051478078,0.142111431191593,0.137825862357336,0.128947202281383,0.129076464317335,0.122291744983112,0.115388080518413,0.0451921668711919,0.146383438614705,0.143358667755861,0.108305123642146,0.0219302994631426,0.0463004722826238,0.0745622116050078,0.068011057915425,0.0797409869083877,-0.0202356181222197,0.00723855199526835,0.14849338324188,0.143821809886588,0.0656090242659485,0.0829987466351547,0.0862198856426212,0.000238290457289548,0.0739940078989934,0.064361187234376,0.0415462028831604,0.0574390541668907,0.0664330704488443,0.0638365665046966,0.0559415106516393,0.0571621778051227,0.0282381899605883,0.0446365030718605,0.0279879338282833,0.027775737536518,0.0484267379638603,0.0428364847713173,0.0499934690552877,0.00566960172996093,0.0172646592336258,0.00853914012089127,0.00566912595080574,0.0295076422195883,0.0207174983646318,0.035920348459494,0.0533586467126851,0.0560031928555031,-0.0273813402276423,-0.0216815575840768,-0.0111522006741015,-0.0172299516537859,-0.0179942457276924,0.00393663169723649,0.0288582268797688,0.0183237784982174,0.00381575472603506,-0.0218291447596559,-0.00837525060432402,0.0252139818052158,NA,0.0256502757981768,0.0802686750700026,0.0311250184309994
"slg",0.0449638584757813,0.189326331685998,0.15356215791305,0.772915491296445,0.583234399384924,0.242212386401082,0.498108126899413,0.179592975809555,0.75473946053207,0.780418560523761,0.224345801587132,0.0739905929042279,0.220507242673435,-0.02633956647867,0.0902611865556429,-0.0658651060731981,0.215945755720679,0.0118705438266539,0.0131503502122316,-0.0685546557939027,0.769168840746085,0.749537160640183,1,0.971244364456745,0.955235284028582,0.151686706887979,NA,0.179661801128804,0.183514754428267,0.163801124367976,0.16298831193105,0.13706837330623,0.134955792419971,0.170143455956415,0.159543449129819,0.0735601585477158,0.189597668464677,0.167051504184735,0.127129440412862,0.025768869186327,0.0385725536131871,0.0885534208359575,0.064113699354979,0.0844022137535611,-0.00752526542005669,0.0139245362516805,0.187624570360527,0.185057301795827,0.0764319190651576,0.0852553892225271,0.0701849735875469,0.016517132398878,0.0966762924764487,0.0869205591088338,0.0610027125958014,0.082588928603541,0.0923249562147916,0.0895052450116579,0.0667909200621844,0.0654489616581598,0.0429092000172242,0.0860747860809931,0.031022107987199,0.0340901668648553,0.0724117010385894,0.0554304596982119,0.067958832087198,0.0122957277792485,0.00240061976954167,0.0184496547966659,0.00781607882077815,0.00243670296881373,-0.00331534537810809,0.0258898823933751,0.0758892275409442,0.0799205724753773,-0.0186180807196199,-0.0200639078861859,-0.00295519993597183,-0.0230633662730815,-0.0294551974829601,0.0169362187804698,0.0317865698479005,0.0126882331698589,0.00282965256658107,-0.0226567797457414,-0.0103843267473394,0.0257093182728937,NA,0.0379734482285458,0.0941167053086684,0.0521991487296633
